<Qucs Dataset 1.0.4>
<indep frequency 301>
  +1.00000000000000000000e+06
  +1.02329299228075414430e+06
  +1.04712854805089964066e+06
  +1.07151930523760640062e+06
  +1.09647819614318502136e+06
  +1.12201845430196332745e+06
  +1.14815362149688275531e+06
  +1.17489755493952962570e+06
  +1.20226443461741297506e+06
  +1.23026877081238129176e+06
  +1.25892541179416724481e+06
  +1.28824955169313400984e+06
  +1.31825673855640692636e+06
  +1.34896288259165361524e+06
  +1.38038426460288488306e+06
  +1.41253754462275421247e+06
  +1.44543977074592746794e+06
  +1.47910838816820736974e+06
  +1.51356124843620788306e+06
  +1.54881661891248123720e+06
  +1.58489319246111344546e+06
  +1.62181009735892969184e+06
  +1.65958690743756061420e+06
  +1.69824365246174414642e+06
  +1.73780082874937541783e+06
  +1.77827941003892268054e+06
  +1.81970085860998346470e+06
  +1.86208713666286738589e+06
  +1.90546071796324732713e+06
  +1.94984459975804504938e+06
  +1.99526231496887956746e+06
  +2.04173794466952909715e+06
  +2.08929613085403922014e+06
  +2.13796208950223214924e+06
  +2.18776162394955242053e+06
  +2.23872113856833940372e+06
  +2.29086765276777278632e+06
  +2.34422881531992182136e+06
  +2.39883291901949048042e+06
  +2.45470891568503016606e+06
  +2.51188643150957999751e+06
  +2.57039578276886371896e+06
  +2.63026799189538182691e+06
  +2.69153480392691539600e+06
  +2.75422870333816623315e+06
  +2.81838293126445356756e+06
  +2.88403150312660541385e+06
  +2.95120922666638577357e+06
  +3.01995172040201583877e+06
  +3.09029543251359043643e+06
  +3.16227766016837907955e+06
  +3.23593656929628271610e+06
  +3.31131121482591051608e+06
  +3.38844156139202462509e+06
  +3.46736850452531641349e+06
  +3.54813389233575435355e+06
  +3.63078054770101374015e+06
  +3.71535229097172524780e+06
  +3.80189396320561086759e+06
  +3.89045144994280580431e+06
  +3.98107170553497178480e+06
  +4.07380277804112713784e+06
  +4.16869383470335369930e+06
  +4.26579518801592662930e+06
  +4.36515832240165956318e+06
  +4.46683592150963004678e+06
  +4.57088189614874962717e+06
  +4.67735141287198103964e+06
  +4.78630092322638351470e+06
  +4.89778819368446152657e+06
  +5.01187233627272304147e+06
  +5.12861383991364762187e+06
  +5.24807460249772481620e+06
  +5.37031796370252687484e+06
  +5.49540873857624456286e+06
  +5.62341325190349016339e+06
  +5.75439937337156850845e+06
  +5.88843655355588812381e+06
  +6.02559586074357666075e+06
  +6.16595001861482020468e+06
  +6.30957344480193126947e+06
  +6.45654229034655354917e+06
  +6.60693448007595911622e+06
  +6.76082975391981657594e+06
  +6.91830970918936282396e+06
  +7.07945784384137764573e+06
  +7.24435960074989870191e+06
  +7.41310241300917323679e+06
  +7.58577575029183737934e+06
  +7.76247116628691740334e+06
  +7.94328234724281355739e+06
  +8.12830516164098959416e+06
  +8.31763771102670766413e+06
  +8.51138038202376477420e+06
  +8.70963589956080541015e+06
  +8.91250938133745454252e+06
  +9.12010839355909451842e+06
  +9.33254300796990655363e+06
  +9.54992586021435819566e+06
  +9.77237220955810509622e+06
  +9.99999999999999813735e+06
  +1.02329299228075370193e+07
  +1.04712854805089961737e+07
  +1.07151930523760635406e+07
  +1.09647819614318478853e+07
  +1.12201845430196300149e+07
  +1.14815362149688228965e+07
  +1.17489755493952948600e+07
  +1.20226443461741264910e+07
  +1.23026877081238124520e+07
  +1.25892541179416701198e+07
  +1.28824955169313345104e+07
  +1.31825673855640701950e+07
  +1.34896288259165342897e+07
  +1.38038426460288465023e+07
  +1.41253754462275393307e+07
  +1.44543977074592690915e+07
  +1.47910838816820736974e+07
  +1.51356124843620788306e+07
  +1.54881661891248095781e+07
  +1.58489319246111288667e+07
  +1.62181009735892973840e+07
  +1.65958690743756033480e+07
  +1.69824365246174409986e+07
  +1.73780082874937504530e+07
  +1.77827941003892198205e+07
  +1.81970085860998332500e+07
  +1.86208713666286729276e+07
  +1.90546071796324662864e+07
  +1.94984459975804463029e+07
  +1.99526231496887877584e+07
  +2.04173794466952942312e+07
  +2.08929613085403926671e+07
  +2.13796208950223177671e+07
  +2.18776162394955158234e+07
  +2.23872113856833875179e+07
  +2.29086765276777260005e+07
  +2.34422881531992144883e+07
  +2.39883291901948973536e+07
  +2.45470891568502932787e+07
  +2.51188643150957971811e+07
  +2.57039578276886343956e+07
  +2.63026799189538136125e+07
  +2.69153480392691493034e+07
  +2.75422870333816520870e+07
  +2.81838293126445375383e+07
  +2.88403150312660560012e+07
  +2.95120922666638493538e+07
  +3.01995172040201500058e+07
  +3.09029543251358903944e+07
  +3.16227766016837880015e+07
  +3.23593656929628178477e+07
  +3.31131121482590995729e+07
  +3.38844156139202415943e+07
  +3.46736850452531427145e+07
  +3.54813389233575388789e+07
  +3.63078054770101308823e+07
  +3.71535229097172394395e+07
  +3.80189396320561021566e+07
  +3.89045144994280561805e+07
  +3.98107170553497225046e+07
  +4.07380277804112583399e+07
  +4.16869383470335230231e+07
  +4.26579518801592439413e+07
  +4.36515832240165919065e+07
  +4.46683592150963023305e+07
  +4.57088189614874869585e+07
  +4.67735141287198066711e+07
  +4.78630092322638109326e+07
  +4.89778819368446096778e+07
  +5.01187233627272173762e+07
  +5.12861383991364687681e+07
  +5.24807460249772369862e+07
  +5.37031796370252445340e+07
  +5.49540873857624232769e+07
  +5.62341325190348625183e+07
  +5.75439937337156981230e+07
  +5.88843655355588942766e+07
  +6.02559586074357628822e+07
  +6.16595001861482039094e+07
  +6.30957344480193108320e+07
  +6.45654229034655317664e+07
  +6.60693448007595688105e+07
  +6.76082975391981303692e+07
  +6.91830970918935984373e+07
  +7.07945784384137988091e+07
  +7.24435960074990093708e+07
  +7.41310241300917416811e+07
  +7.58577575029183626175e+07
  +7.76247116628691405058e+07
  +7.94328234724281281233e+07
  +8.12830516164098978043e+07
  +8.31763771102670580149e+07
  +8.51138038202375918627e+07
  +8.70963589956080019474e+07
  +8.91250938133745640516e+07
  +9.12010839355909675360e+07
  +9.33254300796990841627e+07
  +9.54992586021435707808e+07
  +9.77237220955810397863e+07
  +9.99999999999999552965e+07
  +1.02329299228075355291e+08
  +1.04712854805089890957e+08
  +1.07151930523760572076e+08
  +1.09647819614318504930e+08
  +1.12201845430196344852e+08
  +1.14815362149688258767e+08
  +1.17489755493952929974e+08
  +1.20226443461741253734e+08
  +1.23026877081238090992e+08
  +1.25892541179416656494e+08
  +1.28824955169313311577e+08
  +1.31825673855640619993e+08
  +1.34896288259165257215e+08
  +1.38038426460288494825e+08
  +1.41253754462275415659e+08
  +1.44543977074592739344e+08
  +1.47910838816820710897e+08
  +1.51356124843620747328e+08
  +1.54881661891248047352e+08
  +1.58489319246111243963e+08
  +1.62181009735892891884e+08
  +1.65958690743755936623e+08
  +1.69824365246174424887e+08
  +1.73780082874937534332e+08
  +1.77827941003892242908e+08
  +1.81970085860998302698e+08
  +1.86208713666286677122e+08
  +1.90546071796324640512e+08
  +1.94984459975804418325e+08
  +1.99526231496887803078e+08
  +2.04173794466952770948e+08
  +2.08929613085403770208e+08
  +2.13796208950223177671e+08
  +2.18776162394955247641e+08
  +2.23872113856833934784e+08
  +2.29086765276777207851e+08
  +2.34422881531992107630e+08
  +2.39883291901948928833e+08
  +2.45470891568502873182e+08
  +2.51188643150957822800e+08
  +2.57039578276886165142e+08
  +2.63026799189538180828e+08
  +2.69153480392691552639e+08
  +2.75422870333816587925e+08
  +2.81838293126445293427e+08
  +2.88403150312660515308e+08
  +2.95120922666638433933e+08
  +3.01995172040201425552e+08
  +3.09029543251358866692e+08
  +3.16227766016837656498e+08
  +3.23593656929627954960e+08
  +3.31131121482591092587e+08
  +3.38844156139202475548e+08
  +3.46736850452531516552e+08
  +3.54813389233575344086e+08
  +3.63078054770101189613e+08
  +3.71535229097172319889e+08
  +3.80189396320560932159e+08
  +3.89045144994280278683e+08
  +3.98107170553496956825e+08
  +4.07380277804112732410e+08
  +4.16869383470335304737e+08
  +4.26579518801592528820e+08
  +4.36515832240165829659e+08
  +4.46683592150962889194e+08
  +4.57088189614874780178e+08
  +4.67735141287197887897e+08
  +4.78630092322638034821e+08
  +4.89778819368445813656e+08
  +5.01187233627271831036e+08
  +5.12861383991364717484e+08
  +5.24807460249772489071e+08
  +5.37031796370252609253e+08
  +5.49540873857624292374e+08
  +5.62341325190348863602e+08
  +5.75439937337156653404e+08
  +5.88843655355588555336e+08
  +6.02559586074357271194e+08
  +6.16595001861481547356e+08
  +6.30957344480193257332e+08
  +6.45654229034655332565e+08
  +6.60693448007595896721e+08
  +6.76082975391981601715e+08
  +6.91830970918936133385e+08
  +7.07945784384137511253e+08
  +7.24435960074989557266e+08
  +7.41310241300916910172e+08
  +7.58577575029183149338e+08
  +7.76247116628690958023e+08
  +7.94328234724281430244e+08
  +8.12830516164098978043e+08
  +8.31763771102670669556e+08
  +8.51138038202376008034e+08
  +8.70963589956080079079e+08
  +8.91250938133744955063e+08
  +9.12010839355909109116e+08
  +9.33254300796990275383e+08
  +9.54992586021435022354e+08
  +9.77237220955810546875e+08
  +9.99999999999999761581e+08
</indep>
<dep dBS21 frequency>
  -1.50249361916491590563e+01
  -1.50249361916491590563e+01
  -1.50249361916491590563e+01
  -1.50249361916491590563e+01
  -1.50249361916491590563e+01
  -1.50249361916491590563e+01
  -1.50249361916491590563e+01
  -1.50249361916491590563e+01
  -1.50249361916491590563e+01
  -1.50249361916491590563e+01
  -1.50249361916491590563e+01
  -1.50249361916491590563e+01
  -1.50249361916491590563e+01
  -1.50249361916491590563e+01
  -1.50249361916491590563e+01
  -1.50249361916491590563e+01
  -1.50249361916491590563e+01
  -1.50249361916491590563e+01
  -1.50249361916491590563e+01
  -1.50249361916491590563e+01
  -1.50249361916491590563e+01
  -1.50249361916491590563e+01
  -1.50249361916491590563e+01
  -1.50249361916491590563e+01
  -1.50249361916491590563e+01
  -1.50249361916491590563e+01
  -1.50249361916491590563e+01
  -1.50249361916491590563e+01
  -1.50249361916491590563e+01
  -1.50249361916491590563e+01
  -1.50249361916491590563e+01
  -1.50249361916491590563e+01
  -1.50249361916491590563e+01
  -1.50249361916491590563e+01
  -1.50249361916491590563e+01
  -1.50249361916491590563e+01
  -1.50249361916491590563e+01
  -1.50249361916491590563e+01
  -1.50249361916491590563e+01
  -1.50249361916491590563e+01
  -1.50249361916491590563e+01
  -1.50249361916491590563e+01
  -1.50249361916491590563e+01
  -1.50249361916491590563e+01
  -1.50249361916491590563e+01
  -1.50249361916491590563e+01
  -1.50249361916491590563e+01
  -1.50249361916491590563e+01
  -1.50249361916491590563e+01
  -1.50249361916491590563e+01
  -1.50249361916491590563e+01
  -1.50249361916491590563e+01
  -1.50249361916491590563e+01
  -1.50249361916491590563e+01
  -1.50249361916491590563e+01
  -1.50249361916491590563e+01
  -1.50249361916491590563e+01
  -1.50249361916491590563e+01
  -1.50249361916491590563e+01
  -1.50249361916491590563e+01
  -1.50249361916491590563e+01
  -1.50249361916491590563e+01
  -1.50249361916491590563e+01
  -1.50249361916491590563e+01
  -1.50249361916491590563e+01
  -1.50249361916491590563e+01
  -1.50249361916491590563e+01
  -1.50249361916491590563e+01
  -1.50249361916491590563e+01
  -1.50249361916491590563e+01
  -1.50249361916491590563e+01
  -1.50249361916491590563e+01
  -1.50249361916491590563e+01
  -1.50249361916491590563e+01
  -1.50249361916491590563e+01
  -1.50249361916491590563e+01
  -1.50249361916491590563e+01
  -1.50249361916491590563e+01
  -1.50249361916491590563e+01
  -1.50249361916491590563e+01
  -1.50249361916491590563e+01
  -1.50249361916491590563e+01
  -1.50249361916491590563e+01
  -1.50249361916491590563e+01
  -1.50249361916491590563e+01
  -1.50249361916491590563e+01
  -1.50249361916491590563e+01
  -1.50249361916491590563e+01
  -1.50249361916491590563e+01
  -1.50249361916491590563e+01
  -1.50249361916491590563e+01
  -1.50249361916491590563e+01
  -1.50249361916491590563e+01
  -1.50249361916491590563e+01
  -1.50249361916491590563e+01
  -1.50249361916491590563e+01
  -1.50249361916491590563e+01
  -1.50249361916491590563e+01
  -1.50249361916491590563e+01
  -1.50249361916491590563e+01
  -1.50249361916491590563e+01
  -1.50249361916491590563e+01
  -1.50249361916491590563e+01
  -1.50249361916491590563e+01
  -1.50249361916491590563e+01
  -1.50249361916491590563e+01
  -1.50249361916491590563e+01
  -1.50249361916491590563e+01
  -1.50249361916491590563e+01
  -1.50249361916491590563e+01
  -1.50249361916491590563e+01
  -1.50249361916491590563e+01
  -1.50249361916491590563e+01
  -1.50249361916491590563e+01
  -1.50249361916491590563e+01
  -1.50249361916491590563e+01
  -1.50249361916491590563e+01
  -1.50249361916491590563e+01
  -1.50249361916491590563e+01
  -1.50249361916491590563e+01
  -1.50249361916491590563e+01
  -1.50249361916491590563e+01
  -1.50249361916491590563e+01
  -1.50249361916491590563e+01
  -1.50249361916491590563e+01
  -1.50249361916491590563e+01
  -1.50249361916491590563e+01
  -1.50249361916491590563e+01
  -1.50249361916491590563e+01
  -1.50249361916491590563e+01
  -1.50249361916491590563e+01
  -1.50249361916491590563e+01
  -1.50249361916491590563e+01
  -1.50249361916491590563e+01
  -1.50249361916491590563e+01
  -1.50249361916491590563e+01
  -1.50249361916491590563e+01
  -1.50249361916491590563e+01
  -1.50249361916491590563e+01
  -1.50249361916491590563e+01
  -1.50249361916491590563e+01
  -1.50249361916491590563e+01
  -1.50249361916491590563e+01
  -1.50249361916491590563e+01
  -1.50249361916491590563e+01
  -1.50249361916491590563e+01
  -1.50249361916491590563e+01
  -1.50249361916491590563e+01
  -1.50249361916491590563e+01
  -1.50249361916491590563e+01
  -1.50249361916491590563e+01
  -1.50249361916491590563e+01
  -1.50249361916491590563e+01
  -1.50249361916491590563e+01
  -1.50249361916491590563e+01
  -1.50249361916491590563e+01
  -1.50249361916491590563e+01
  -1.50249361916491590563e+01
  -1.50249361916491590563e+01
  -1.50249361916491590563e+01
  -1.50249361916491590563e+01
  -1.50249361916491590563e+01
  -1.50249361916491590563e+01
  -1.50249361916491590563e+01
  -1.50249361916491590563e+01
  -1.50249361916491590563e+01
  -1.50249361916491590563e+01
  -1.50249361916491590563e+01
  -1.50249361916491590563e+01
  -1.50249361916491590563e+01
  -1.50249361916491590563e+01
  -1.50249361916491590563e+01
  -1.50249361916491590563e+01
  -1.50249361916491590563e+01
  -1.50249361916491590563e+01
  -1.50249361916491590563e+01
  -1.50249361916491590563e+01
  -1.50249361916491590563e+01
  -1.50249361916491590563e+01
  -1.50249361916491590563e+01
  -1.50249361916491590563e+01
  -1.50249361916491590563e+01
  -1.50249361916491590563e+01
  -1.50249361916491590563e+01
  -1.50249361916491590563e+01
  -1.50249361916491590563e+01
  -1.50249361916491590563e+01
  -1.50249361916491590563e+01
  -1.50249361916491590563e+01
  -1.50249361916491590563e+01
  -1.50249361916491590563e+01
  -1.50249361916491590563e+01
  -1.50249361916491590563e+01
  -1.50249361916491590563e+01
  -1.50249361916491590563e+01
  -1.50249361916491590563e+01
  -1.50249361916491590563e+01
  -1.50249361916491590563e+01
  -1.50249361916491590563e+01
  -1.50249361916491590563e+01
  -1.50249361916491590563e+01
  -1.50249361916491590563e+01
  -1.50249361916491590563e+01
  -1.50249361916491590563e+01
  -1.50249361916491590563e+01
  -1.50249361916491590563e+01
  -1.50249361916491590563e+01
  -1.50249361916491590563e+01
  -1.50249361916491590563e+01
  -1.50249361916491590563e+01
  -1.50249361916491590563e+01
  -1.50249361916491590563e+01
  -1.50249361916491590563e+01
  -1.50249361916491590563e+01
  -1.50249361916491590563e+01
  -1.50249361916491590563e+01
  -1.50249361916491590563e+01
  -1.50249361916491590563e+01
  -1.50249361916491590563e+01
  -1.50249361916491590563e+01
  -1.50249361916491590563e+01
  -1.50249361916491590563e+01
  -1.50249361916491590563e+01
  -1.50249361916491590563e+01
  -1.50249361916491590563e+01
  -1.50249361916491590563e+01
  -1.50249361916491590563e+01
  -1.50249361916491590563e+01
  -1.50249361916491590563e+01
  -1.50249361916491590563e+01
  -1.50249361916491590563e+01
  -1.50249361916491590563e+01
  -1.50249361916491590563e+01
  -1.50249361916491590563e+01
  -1.50249361916491590563e+01
  -1.50249361916491590563e+01
  -1.50249361916491590563e+01
  -1.50249361916491590563e+01
  -1.50249361916491590563e+01
  -1.50249361916491590563e+01
  -1.50249361916491590563e+01
  -1.50249361916491590563e+01
  -1.50249361916491590563e+01
  -1.50249361916491590563e+01
  -1.50249361916491590563e+01
  -1.50249361916491590563e+01
  -1.50249361916491590563e+01
  -1.50249361916491590563e+01
  -1.50249361916491590563e+01
  -1.50249361916491590563e+01
  -1.50249361916491590563e+01
  -1.50249361916491590563e+01
  -1.50249361916491590563e+01
  -1.50249361916491590563e+01
  -1.50249361916491590563e+01
  -1.50249361916491590563e+01
  -1.50249361916491590563e+01
  -1.50249361916491590563e+01
  -1.50249361916491590563e+01
  -1.50249361916491590563e+01
  -1.50249361916491590563e+01
  -1.50249361916491590563e+01
  -1.50249361916491590563e+01
  -1.50249361916491590563e+01
  -1.50249361916491590563e+01
  -1.50249361916491590563e+01
  -1.50249361916491590563e+01
  -1.50249361916491590563e+01
  -1.50249361916491590563e+01
  -1.50249361916491590563e+01
  -1.50249361916491590563e+01
  -1.50249361916491590563e+01
  -1.50249361916491590563e+01
  -1.50249361916491590563e+01
  -1.50249361916491590563e+01
  -1.50249361916491590563e+01
  -1.50249361916491590563e+01
  -1.50249361916491590563e+01
  -1.50249361916491590563e+01
  -1.50249361916491590563e+01
  -1.50249361916491590563e+01
  -1.50249361916491590563e+01
  -1.50249361916491590563e+01
  -1.50249361916491590563e+01
  -1.50249361916491590563e+01
  -1.50249361916491590563e+01
  -1.50249361916491590563e+01
  -1.50249361916491590563e+01
  -1.50249361916491590563e+01
  -1.50249361916491590563e+01
  -1.50249361916491590563e+01
  -1.50249361916491590563e+01
  -1.50249361916491590563e+01
  -1.50249361916491590563e+01
  -1.50249361916491590563e+01
  -1.50249361916491590563e+01
  -1.50249361916491590563e+01
  -1.50249361916491590563e+01
  -1.50249361916491590563e+01
  -1.50249361916491590563e+01
  -1.50249361916491590563e+01
</dep>
<dep S[2,2] frequency>
  +4.26356438789403380252e-04
  +4.26356438789403380252e-04
  +4.26356438789403380252e-04
  +4.26356438789403380252e-04
  +4.26356438789403380252e-04
  +4.26356438789403380252e-04
  +4.26356438789403380252e-04
  +4.26356438789403380252e-04
  +4.26356438789403380252e-04
  +4.26356438789403380252e-04
  +4.26356438789403380252e-04
  +4.26356438789403380252e-04
  +4.26356438789403380252e-04
  +4.26356438789403380252e-04
  +4.26356438789403380252e-04
  +4.26356438789403380252e-04
  +4.26356438789403380252e-04
  +4.26356438789403380252e-04
  +4.26356438789403380252e-04
  +4.26356438789403380252e-04
  +4.26356438789403380252e-04
  +4.26356438789403380252e-04
  +4.26356438789403380252e-04
  +4.26356438789403380252e-04
  +4.26356438789403380252e-04
  +4.26356438789403380252e-04
  +4.26356438789403380252e-04
  +4.26356438789403380252e-04
  +4.26356438789403380252e-04
  +4.26356438789403380252e-04
  +4.26356438789403380252e-04
  +4.26356438789403380252e-04
  +4.26356438789403380252e-04
  +4.26356438789403380252e-04
  +4.26356438789403380252e-04
  +4.26356438789403380252e-04
  +4.26356438789403380252e-04
  +4.26356438789403380252e-04
  +4.26356438789403380252e-04
  +4.26356438789403380252e-04
  +4.26356438789403380252e-04
  +4.26356438789403380252e-04
  +4.26356438789403380252e-04
  +4.26356438789403380252e-04
  +4.26356438789403380252e-04
  +4.26356438789403380252e-04
  +4.26356438789403380252e-04
  +4.26356438789403380252e-04
  +4.26356438789403380252e-04
  +4.26356438789403380252e-04
  +4.26356438789403380252e-04
  +4.26356438789403380252e-04
  +4.26356438789403380252e-04
  +4.26356438789403380252e-04
  +4.26356438789403380252e-04
  +4.26356438789403380252e-04
  +4.26356438789403380252e-04
  +4.26356438789403380252e-04
  +4.26356438789403380252e-04
  +4.26356438789403380252e-04
  +4.26356438789403380252e-04
  +4.26356438789403380252e-04
  +4.26356438789403380252e-04
  +4.26356438789403380252e-04
  +4.26356438789403380252e-04
  +4.26356438789403380252e-04
  +4.26356438789403380252e-04
  +4.26356438789403380252e-04
  +4.26356438789403380252e-04
  +4.26356438789403380252e-04
  +4.26356438789403380252e-04
  +4.26356438789403380252e-04
  +4.26356438789403380252e-04
  +4.26356438789403380252e-04
  +4.26356438789403380252e-04
  +4.26356438789403380252e-04
  +4.26356438789403380252e-04
  +4.26356438789403380252e-04
  +4.26356438789403380252e-04
  +4.26356438789403380252e-04
  +4.26356438789403380252e-04
  +4.26356438789403380252e-04
  +4.26356438789403380252e-04
  +4.26356438789403380252e-04
  +4.26356438789403380252e-04
  +4.26356438789403380252e-04
  +4.26356438789403380252e-04
  +4.26356438789403380252e-04
  +4.26356438789403380252e-04
  +4.26356438789403380252e-04
  +4.26356438789403380252e-04
  +4.26356438789403380252e-04
  +4.26356438789403380252e-04
  +4.26356438789403380252e-04
  +4.26356438789403380252e-04
  +4.26356438789403380252e-04
  +4.26356438789403380252e-04
  +4.26356438789403380252e-04
  +4.26356438789403380252e-04
  +4.26356438789403380252e-04
  +4.26356438789403380252e-04
  +4.26356438789403380252e-04
  +4.26356438789403380252e-04
  +4.26356438789403380252e-04
  +4.26356438789403380252e-04
  +4.26356438789403380252e-04
  +4.26356438789403380252e-04
  +4.26356438789403380252e-04
  +4.26356438789403380252e-04
  +4.26356438789403380252e-04
  +4.26356438789403380252e-04
  +4.26356438789403380252e-04
  +4.26356438789403380252e-04
  +4.26356438789403380252e-04
  +4.26356438789403380252e-04
  +4.26356438789403380252e-04
  +4.26356438789403380252e-04
  +4.26356438789403380252e-04
  +4.26356438789403380252e-04
  +4.26356438789403380252e-04
  +4.26356438789403380252e-04
  +4.26356438789403380252e-04
  +4.26356438789403380252e-04
  +4.26356438789403380252e-04
  +4.26356438789403380252e-04
  +4.26356438789403380252e-04
  +4.26356438789403380252e-04
  +4.26356438789403380252e-04
  +4.26356438789403380252e-04
  +4.26356438789403380252e-04
  +4.26356438789403380252e-04
  +4.26356438789403380252e-04
  +4.26356438789403380252e-04
  +4.26356438789403380252e-04
  +4.26356438789403380252e-04
  +4.26356438789403380252e-04
  +4.26356438789403380252e-04
  +4.26356438789403380252e-04
  +4.26356438789403380252e-04
  +4.26356438789403380252e-04
  +4.26356438789403380252e-04
  +4.26356438789403380252e-04
  +4.26356438789403380252e-04
  +4.26356438789403380252e-04
  +4.26356438789403380252e-04
  +4.26356438789403380252e-04
  +4.26356438789403380252e-04
  +4.26356438789403380252e-04
  +4.26356438789403380252e-04
  +4.26356438789403380252e-04
  +4.26356438789403380252e-04
  +4.26356438789403380252e-04
  +4.26356438789403380252e-04
  +4.26356438789403380252e-04
  +4.26356438789403380252e-04
  +4.26356438789403380252e-04
  +4.26356438789403380252e-04
  +4.26356438789403380252e-04
  +4.26356438789403380252e-04
  +4.26356438789403380252e-04
  +4.26356438789403380252e-04
  +4.26356438789403380252e-04
  +4.26356438789403380252e-04
  +4.26356438789403380252e-04
  +4.26356438789403380252e-04
  +4.26356438789403380252e-04
  +4.26356438789403380252e-04
  +4.26356438789403380252e-04
  +4.26356438789403380252e-04
  +4.26356438789403380252e-04
  +4.26356438789403380252e-04
  +4.26356438789403380252e-04
  +4.26356438789403380252e-04
  +4.26356438789403380252e-04
  +4.26356438789403380252e-04
  +4.26356438789403380252e-04
  +4.26356438789403380252e-04
  +4.26356438789403380252e-04
  +4.26356438789403380252e-04
  +4.26356438789403380252e-04
  +4.26356438789403380252e-04
  +4.26356438789403380252e-04
  +4.26356438789403380252e-04
  +4.26356438789403380252e-04
  +4.26356438789403380252e-04
  +4.26356438789403380252e-04
  +4.26356438789403380252e-04
  +4.26356438789403380252e-04
  +4.26356438789403380252e-04
  +4.26356438789403380252e-04
  +4.26356438789403380252e-04
  +4.26356438789403380252e-04
  +4.26356438789403380252e-04
  +4.26356438789403380252e-04
  +4.26356438789403380252e-04
  +4.26356438789403380252e-04
  +4.26356438789403380252e-04
  +4.26356438789403380252e-04
  +4.26356438789403380252e-04
  +4.26356438789403380252e-04
  +4.26356438789403380252e-04
  +4.26356438789403380252e-04
  +4.26356438789403380252e-04
  +4.26356438789403380252e-04
  +4.26356438789403380252e-04
  +4.26356438789403380252e-04
  +4.26356438789403380252e-04
  +4.26356438789403380252e-04
  +4.26356438789403380252e-04
  +4.26356438789403380252e-04
  +4.26356438789403380252e-04
  +4.26356438789403380252e-04
  +4.26356438789403380252e-04
  +4.26356438789403380252e-04
  +4.26356438789403380252e-04
  +4.26356438789403380252e-04
  +4.26356438789403380252e-04
  +4.26356438789403380252e-04
  +4.26356438789403380252e-04
  +4.26356438789403380252e-04
  +4.26356438789403380252e-04
  +4.26356438789403380252e-04
  +4.26356438789403380252e-04
  +4.26356438789403380252e-04
  +4.26356438789403380252e-04
  +4.26356438789403380252e-04
  +4.26356438789403380252e-04
  +4.26356438789403380252e-04
  +4.26356438789403380252e-04
  +4.26356438789403380252e-04
  +4.26356438789403380252e-04
  +4.26356438789403380252e-04
  +4.26356438789403380252e-04
  +4.26356438789403380252e-04
  +4.26356438789403380252e-04
  +4.26356438789403380252e-04
  +4.26356438789403380252e-04
  +4.26356438789403380252e-04
  +4.26356438789403380252e-04
  +4.26356438789403380252e-04
  +4.26356438789403380252e-04
  +4.26356438789403380252e-04
  +4.26356438789403380252e-04
  +4.26356438789403380252e-04
  +4.26356438789403380252e-04
  +4.26356438789403380252e-04
  +4.26356438789403380252e-04
  +4.26356438789403380252e-04
  +4.26356438789403380252e-04
  +4.26356438789403380252e-04
  +4.26356438789403380252e-04
  +4.26356438789403380252e-04
  +4.26356438789403380252e-04
  +4.26356438789403380252e-04
  +4.26356438789403380252e-04
  +4.26356438789403380252e-04
  +4.26356438789403380252e-04
  +4.26356438789403380252e-04
  +4.26356438789403380252e-04
  +4.26356438789403380252e-04
  +4.26356438789403380252e-04
  +4.26356438789403380252e-04
  +4.26356438789403380252e-04
  +4.26356438789403380252e-04
  +4.26356438789403380252e-04
  +4.26356438789403380252e-04
  +4.26356438789403380252e-04
  +4.26356438789403380252e-04
  +4.26356438789403380252e-04
  +4.26356438789403380252e-04
  +4.26356438789403380252e-04
  +4.26356438789403380252e-04
  +4.26356438789403380252e-04
  +4.26356438789403380252e-04
  +4.26356438789403380252e-04
  +4.26356438789403380252e-04
  +4.26356438789403380252e-04
  +4.26356438789403380252e-04
  +4.26356438789403380252e-04
  +4.26356438789403380252e-04
  +4.26356438789403380252e-04
  +4.26356438789403380252e-04
  +4.26356438789403380252e-04
  +4.26356438789403380252e-04
  +4.26356438789403380252e-04
  +4.26356438789403380252e-04
  +4.26356438789403380252e-04
  +4.26356438789403380252e-04
  +4.26356438789403380252e-04
  +4.26356438789403380252e-04
  +4.26356438789403380252e-04
  +4.26356438789403380252e-04
  +4.26356438789403380252e-04
  +4.26356438789403380252e-04
  +4.26356438789403380252e-04
  +4.26356438789403380252e-04
  +4.26356438789403380252e-04
  +4.26356438789403380252e-04
  +4.26356438789403380252e-04
  +4.26356438789403380252e-04
  +4.26356438789403380252e-04
</dep>
<dep S[2,1] frequency>
  +1.77318149533844310328e-01
  +1.77318149533844310328e-01
  +1.77318149533844310328e-01
  +1.77318149533844310328e-01
  +1.77318149533844310328e-01
  +1.77318149533844310328e-01
  +1.77318149533844310328e-01
  +1.77318149533844310328e-01
  +1.77318149533844310328e-01
  +1.77318149533844310328e-01
  +1.77318149533844310328e-01
  +1.77318149533844310328e-01
  +1.77318149533844310328e-01
  +1.77318149533844310328e-01
  +1.77318149533844310328e-01
  +1.77318149533844310328e-01
  +1.77318149533844310328e-01
  +1.77318149533844310328e-01
  +1.77318149533844310328e-01
  +1.77318149533844310328e-01
  +1.77318149533844310328e-01
  +1.77318149533844310328e-01
  +1.77318149533844310328e-01
  +1.77318149533844310328e-01
  +1.77318149533844310328e-01
  +1.77318149533844310328e-01
  +1.77318149533844310328e-01
  +1.77318149533844310328e-01
  +1.77318149533844310328e-01
  +1.77318149533844310328e-01
  +1.77318149533844310328e-01
  +1.77318149533844310328e-01
  +1.77318149533844310328e-01
  +1.77318149533844310328e-01
  +1.77318149533844310328e-01
  +1.77318149533844310328e-01
  +1.77318149533844310328e-01
  +1.77318149533844310328e-01
  +1.77318149533844310328e-01
  +1.77318149533844310328e-01
  +1.77318149533844310328e-01
  +1.77318149533844310328e-01
  +1.77318149533844310328e-01
  +1.77318149533844310328e-01
  +1.77318149533844310328e-01
  +1.77318149533844310328e-01
  +1.77318149533844310328e-01
  +1.77318149533844310328e-01
  +1.77318149533844310328e-01
  +1.77318149533844310328e-01
  +1.77318149533844310328e-01
  +1.77318149533844310328e-01
  +1.77318149533844310328e-01
  +1.77318149533844310328e-01
  +1.77318149533844310328e-01
  +1.77318149533844310328e-01
  +1.77318149533844310328e-01
  +1.77318149533844310328e-01
  +1.77318149533844310328e-01
  +1.77318149533844310328e-01
  +1.77318149533844310328e-01
  +1.77318149533844310328e-01
  +1.77318149533844310328e-01
  +1.77318149533844310328e-01
  +1.77318149533844310328e-01
  +1.77318149533844310328e-01
  +1.77318149533844310328e-01
  +1.77318149533844310328e-01
  +1.77318149533844310328e-01
  +1.77318149533844310328e-01
  +1.77318149533844310328e-01
  +1.77318149533844310328e-01
  +1.77318149533844310328e-01
  +1.77318149533844310328e-01
  +1.77318149533844310328e-01
  +1.77318149533844310328e-01
  +1.77318149533844310328e-01
  +1.77318149533844310328e-01
  +1.77318149533844310328e-01
  +1.77318149533844310328e-01
  +1.77318149533844310328e-01
  +1.77318149533844310328e-01
  +1.77318149533844310328e-01
  +1.77318149533844310328e-01
  +1.77318149533844310328e-01
  +1.77318149533844310328e-01
  +1.77318149533844310328e-01
  +1.77318149533844310328e-01
  +1.77318149533844310328e-01
  +1.77318149533844310328e-01
  +1.77318149533844310328e-01
  +1.77318149533844310328e-01
  +1.77318149533844310328e-01
  +1.77318149533844310328e-01
  +1.77318149533844310328e-01
  +1.77318149533844310328e-01
  +1.77318149533844310328e-01
  +1.77318149533844310328e-01
  +1.77318149533844310328e-01
  +1.77318149533844310328e-01
  +1.77318149533844310328e-01
  +1.77318149533844310328e-01
  +1.77318149533844310328e-01
  +1.77318149533844310328e-01
  +1.77318149533844310328e-01
  +1.77318149533844310328e-01
  +1.77318149533844310328e-01
  +1.77318149533844310328e-01
  +1.77318149533844310328e-01
  +1.77318149533844310328e-01
  +1.77318149533844310328e-01
  +1.77318149533844310328e-01
  +1.77318149533844310328e-01
  +1.77318149533844310328e-01
  +1.77318149533844310328e-01
  +1.77318149533844310328e-01
  +1.77318149533844310328e-01
  +1.77318149533844310328e-01
  +1.77318149533844310328e-01
  +1.77318149533844310328e-01
  +1.77318149533844310328e-01
  +1.77318149533844310328e-01
  +1.77318149533844310328e-01
  +1.77318149533844310328e-01
  +1.77318149533844310328e-01
  +1.77318149533844310328e-01
  +1.77318149533844310328e-01
  +1.77318149533844310328e-01
  +1.77318149533844310328e-01
  +1.77318149533844310328e-01
  +1.77318149533844310328e-01
  +1.77318149533844310328e-01
  +1.77318149533844310328e-01
  +1.77318149533844310328e-01
  +1.77318149533844310328e-01
  +1.77318149533844310328e-01
  +1.77318149533844310328e-01
  +1.77318149533844310328e-01
  +1.77318149533844310328e-01
  +1.77318149533844310328e-01
  +1.77318149533844310328e-01
  +1.77318149533844310328e-01
  +1.77318149533844310328e-01
  +1.77318149533844310328e-01
  +1.77318149533844310328e-01
  +1.77318149533844310328e-01
  +1.77318149533844310328e-01
  +1.77318149533844310328e-01
  +1.77318149533844310328e-01
  +1.77318149533844310328e-01
  +1.77318149533844310328e-01
  +1.77318149533844310328e-01
  +1.77318149533844310328e-01
  +1.77318149533844310328e-01
  +1.77318149533844310328e-01
  +1.77318149533844310328e-01
  +1.77318149533844310328e-01
  +1.77318149533844310328e-01
  +1.77318149533844310328e-01
  +1.77318149533844310328e-01
  +1.77318149533844310328e-01
  +1.77318149533844310328e-01
  +1.77318149533844310328e-01
  +1.77318149533844310328e-01
  +1.77318149533844310328e-01
  +1.77318149533844310328e-01
  +1.77318149533844310328e-01
  +1.77318149533844310328e-01
  +1.77318149533844310328e-01
  +1.77318149533844310328e-01
  +1.77318149533844310328e-01
  +1.77318149533844310328e-01
  +1.77318149533844310328e-01
  +1.77318149533844310328e-01
  +1.77318149533844310328e-01
  +1.77318149533844310328e-01
  +1.77318149533844310328e-01
  +1.77318149533844310328e-01
  +1.77318149533844310328e-01
  +1.77318149533844310328e-01
  +1.77318149533844310328e-01
  +1.77318149533844310328e-01
  +1.77318149533844310328e-01
  +1.77318149533844310328e-01
  +1.77318149533844310328e-01
  +1.77318149533844310328e-01
  +1.77318149533844310328e-01
  +1.77318149533844310328e-01
  +1.77318149533844310328e-01
  +1.77318149533844310328e-01
  +1.77318149533844310328e-01
  +1.77318149533844310328e-01
  +1.77318149533844310328e-01
  +1.77318149533844310328e-01
  +1.77318149533844310328e-01
  +1.77318149533844310328e-01
  +1.77318149533844310328e-01
  +1.77318149533844310328e-01
  +1.77318149533844310328e-01
  +1.77318149533844310328e-01
  +1.77318149533844310328e-01
  +1.77318149533844310328e-01
  +1.77318149533844310328e-01
  +1.77318149533844310328e-01
  +1.77318149533844310328e-01
  +1.77318149533844310328e-01
  +1.77318149533844310328e-01
  +1.77318149533844310328e-01
  +1.77318149533844310328e-01
  +1.77318149533844310328e-01
  +1.77318149533844310328e-01
  +1.77318149533844310328e-01
  +1.77318149533844310328e-01
  +1.77318149533844310328e-01
  +1.77318149533844310328e-01
  +1.77318149533844310328e-01
  +1.77318149533844310328e-01
  +1.77318149533844310328e-01
  +1.77318149533844310328e-01
  +1.77318149533844310328e-01
  +1.77318149533844310328e-01
  +1.77318149533844310328e-01
  +1.77318149533844310328e-01
  +1.77318149533844310328e-01
  +1.77318149533844310328e-01
  +1.77318149533844310328e-01
  +1.77318149533844310328e-01
  +1.77318149533844310328e-01
  +1.77318149533844310328e-01
  +1.77318149533844310328e-01
  +1.77318149533844310328e-01
  +1.77318149533844310328e-01
  +1.77318149533844310328e-01
  +1.77318149533844310328e-01
  +1.77318149533844310328e-01
  +1.77318149533844310328e-01
  +1.77318149533844310328e-01
  +1.77318149533844310328e-01
  +1.77318149533844310328e-01
  +1.77318149533844310328e-01
  +1.77318149533844310328e-01
  +1.77318149533844310328e-01
  +1.77318149533844310328e-01
  +1.77318149533844310328e-01
  +1.77318149533844310328e-01
  +1.77318149533844310328e-01
  +1.77318149533844310328e-01
  +1.77318149533844310328e-01
  +1.77318149533844310328e-01
  +1.77318149533844310328e-01
  +1.77318149533844310328e-01
  +1.77318149533844310328e-01
  +1.77318149533844310328e-01
  +1.77318149533844310328e-01
  +1.77318149533844310328e-01
  +1.77318149533844310328e-01
  +1.77318149533844310328e-01
  +1.77318149533844310328e-01
  +1.77318149533844310328e-01
  +1.77318149533844310328e-01
  +1.77318149533844310328e-01
  +1.77318149533844310328e-01
  +1.77318149533844310328e-01
  +1.77318149533844310328e-01
  +1.77318149533844310328e-01
  +1.77318149533844310328e-01
  +1.77318149533844310328e-01
  +1.77318149533844310328e-01
  +1.77318149533844310328e-01
  +1.77318149533844310328e-01
  +1.77318149533844310328e-01
  +1.77318149533844310328e-01
  +1.77318149533844310328e-01
  +1.77318149533844310328e-01
  +1.77318149533844310328e-01
  +1.77318149533844310328e-01
  +1.77318149533844310328e-01
  +1.77318149533844310328e-01
  +1.77318149533844310328e-01
  +1.77318149533844310328e-01
  +1.77318149533844310328e-01
  +1.77318149533844310328e-01
  +1.77318149533844310328e-01
  +1.77318149533844310328e-01
  +1.77318149533844310328e-01
  +1.77318149533844310328e-01
  +1.77318149533844310328e-01
  +1.77318149533844310328e-01
  +1.77318149533844310328e-01
  +1.77318149533844310328e-01
  +1.77318149533844310328e-01
  +1.77318149533844310328e-01
  +1.77318149533844310328e-01
  +1.77318149533844310328e-01
  +1.77318149533844310328e-01
  +1.77318149533844310328e-01
  +1.77318149533844310328e-01
  +1.77318149533844310328e-01
  +1.77318149533844310328e-01
  +1.77318149533844310328e-01
  +1.77318149533844310328e-01
</dep>
<dep S[1,2] frequency>
  +1.77318149533844310328e-01
  +1.77318149533844310328e-01
  +1.77318149533844310328e-01
  +1.77318149533844310328e-01
  +1.77318149533844310328e-01
  +1.77318149533844310328e-01
  +1.77318149533844310328e-01
  +1.77318149533844310328e-01
  +1.77318149533844310328e-01
  +1.77318149533844310328e-01
  +1.77318149533844310328e-01
  +1.77318149533844310328e-01
  +1.77318149533844310328e-01
  +1.77318149533844310328e-01
  +1.77318149533844310328e-01
  +1.77318149533844310328e-01
  +1.77318149533844310328e-01
  +1.77318149533844310328e-01
  +1.77318149533844310328e-01
  +1.77318149533844310328e-01
  +1.77318149533844310328e-01
  +1.77318149533844310328e-01
  +1.77318149533844310328e-01
  +1.77318149533844310328e-01
  +1.77318149533844310328e-01
  +1.77318149533844310328e-01
  +1.77318149533844310328e-01
  +1.77318149533844310328e-01
  +1.77318149533844310328e-01
  +1.77318149533844310328e-01
  +1.77318149533844310328e-01
  +1.77318149533844310328e-01
  +1.77318149533844310328e-01
  +1.77318149533844310328e-01
  +1.77318149533844310328e-01
  +1.77318149533844310328e-01
  +1.77318149533844310328e-01
  +1.77318149533844310328e-01
  +1.77318149533844310328e-01
  +1.77318149533844310328e-01
  +1.77318149533844310328e-01
  +1.77318149533844310328e-01
  +1.77318149533844310328e-01
  +1.77318149533844310328e-01
  +1.77318149533844310328e-01
  +1.77318149533844310328e-01
  +1.77318149533844310328e-01
  +1.77318149533844310328e-01
  +1.77318149533844310328e-01
  +1.77318149533844310328e-01
  +1.77318149533844310328e-01
  +1.77318149533844310328e-01
  +1.77318149533844310328e-01
  +1.77318149533844310328e-01
  +1.77318149533844310328e-01
  +1.77318149533844310328e-01
  +1.77318149533844310328e-01
  +1.77318149533844310328e-01
  +1.77318149533844310328e-01
  +1.77318149533844310328e-01
  +1.77318149533844310328e-01
  +1.77318149533844310328e-01
  +1.77318149533844310328e-01
  +1.77318149533844310328e-01
  +1.77318149533844310328e-01
  +1.77318149533844310328e-01
  +1.77318149533844310328e-01
  +1.77318149533844310328e-01
  +1.77318149533844310328e-01
  +1.77318149533844310328e-01
  +1.77318149533844310328e-01
  +1.77318149533844310328e-01
  +1.77318149533844310328e-01
  +1.77318149533844310328e-01
  +1.77318149533844310328e-01
  +1.77318149533844310328e-01
  +1.77318149533844310328e-01
  +1.77318149533844310328e-01
  +1.77318149533844310328e-01
  +1.77318149533844310328e-01
  +1.77318149533844310328e-01
  +1.77318149533844310328e-01
  +1.77318149533844310328e-01
  +1.77318149533844310328e-01
  +1.77318149533844310328e-01
  +1.77318149533844310328e-01
  +1.77318149533844310328e-01
  +1.77318149533844310328e-01
  +1.77318149533844310328e-01
  +1.77318149533844310328e-01
  +1.77318149533844310328e-01
  +1.77318149533844310328e-01
  +1.77318149533844310328e-01
  +1.77318149533844310328e-01
  +1.77318149533844310328e-01
  +1.77318149533844310328e-01
  +1.77318149533844310328e-01
  +1.77318149533844310328e-01
  +1.77318149533844310328e-01
  +1.77318149533844310328e-01
  +1.77318149533844310328e-01
  +1.77318149533844310328e-01
  +1.77318149533844310328e-01
  +1.77318149533844310328e-01
  +1.77318149533844310328e-01
  +1.77318149533844310328e-01
  +1.77318149533844310328e-01
  +1.77318149533844310328e-01
  +1.77318149533844310328e-01
  +1.77318149533844310328e-01
  +1.77318149533844310328e-01
  +1.77318149533844310328e-01
  +1.77318149533844310328e-01
  +1.77318149533844310328e-01
  +1.77318149533844310328e-01
  +1.77318149533844310328e-01
  +1.77318149533844310328e-01
  +1.77318149533844310328e-01
  +1.77318149533844310328e-01
  +1.77318149533844310328e-01
  +1.77318149533844310328e-01
  +1.77318149533844310328e-01
  +1.77318149533844310328e-01
  +1.77318149533844310328e-01
  +1.77318149533844310328e-01
  +1.77318149533844310328e-01
  +1.77318149533844310328e-01
  +1.77318149533844310328e-01
  +1.77318149533844310328e-01
  +1.77318149533844310328e-01
  +1.77318149533844310328e-01
  +1.77318149533844310328e-01
  +1.77318149533844310328e-01
  +1.77318149533844310328e-01
  +1.77318149533844310328e-01
  +1.77318149533844310328e-01
  +1.77318149533844310328e-01
  +1.77318149533844310328e-01
  +1.77318149533844310328e-01
  +1.77318149533844310328e-01
  +1.77318149533844310328e-01
  +1.77318149533844310328e-01
  +1.77318149533844310328e-01
  +1.77318149533844310328e-01
  +1.77318149533844310328e-01
  +1.77318149533844310328e-01
  +1.77318149533844310328e-01
  +1.77318149533844310328e-01
  +1.77318149533844310328e-01
  +1.77318149533844310328e-01
  +1.77318149533844310328e-01
  +1.77318149533844310328e-01
  +1.77318149533844310328e-01
  +1.77318149533844310328e-01
  +1.77318149533844310328e-01
  +1.77318149533844310328e-01
  +1.77318149533844310328e-01
  +1.77318149533844310328e-01
  +1.77318149533844310328e-01
  +1.77318149533844310328e-01
  +1.77318149533844310328e-01
  +1.77318149533844310328e-01
  +1.77318149533844310328e-01
  +1.77318149533844310328e-01
  +1.77318149533844310328e-01
  +1.77318149533844310328e-01
  +1.77318149533844310328e-01
  +1.77318149533844310328e-01
  +1.77318149533844310328e-01
  +1.77318149533844310328e-01
  +1.77318149533844310328e-01
  +1.77318149533844310328e-01
  +1.77318149533844310328e-01
  +1.77318149533844310328e-01
  +1.77318149533844310328e-01
  +1.77318149533844310328e-01
  +1.77318149533844310328e-01
  +1.77318149533844310328e-01
  +1.77318149533844310328e-01
  +1.77318149533844310328e-01
  +1.77318149533844310328e-01
  +1.77318149533844310328e-01
  +1.77318149533844310328e-01
  +1.77318149533844310328e-01
  +1.77318149533844310328e-01
  +1.77318149533844310328e-01
  +1.77318149533844310328e-01
  +1.77318149533844310328e-01
  +1.77318149533844310328e-01
  +1.77318149533844310328e-01
  +1.77318149533844310328e-01
  +1.77318149533844310328e-01
  +1.77318149533844310328e-01
  +1.77318149533844310328e-01
  +1.77318149533844310328e-01
  +1.77318149533844310328e-01
  +1.77318149533844310328e-01
  +1.77318149533844310328e-01
  +1.77318149533844310328e-01
  +1.77318149533844310328e-01
  +1.77318149533844310328e-01
  +1.77318149533844310328e-01
  +1.77318149533844310328e-01
  +1.77318149533844310328e-01
  +1.77318149533844310328e-01
  +1.77318149533844310328e-01
  +1.77318149533844310328e-01
  +1.77318149533844310328e-01
  +1.77318149533844310328e-01
  +1.77318149533844310328e-01
  +1.77318149533844310328e-01
  +1.77318149533844310328e-01
  +1.77318149533844310328e-01
  +1.77318149533844310328e-01
  +1.77318149533844310328e-01
  +1.77318149533844310328e-01
  +1.77318149533844310328e-01
  +1.77318149533844310328e-01
  +1.77318149533844310328e-01
  +1.77318149533844310328e-01
  +1.77318149533844310328e-01
  +1.77318149533844310328e-01
  +1.77318149533844310328e-01
  +1.77318149533844310328e-01
  +1.77318149533844310328e-01
  +1.77318149533844310328e-01
  +1.77318149533844310328e-01
  +1.77318149533844310328e-01
  +1.77318149533844310328e-01
  +1.77318149533844310328e-01
  +1.77318149533844310328e-01
  +1.77318149533844310328e-01
  +1.77318149533844310328e-01
  +1.77318149533844310328e-01
  +1.77318149533844310328e-01
  +1.77318149533844310328e-01
  +1.77318149533844310328e-01
  +1.77318149533844310328e-01
  +1.77318149533844310328e-01
  +1.77318149533844310328e-01
  +1.77318149533844310328e-01
  +1.77318149533844310328e-01
  +1.77318149533844310328e-01
  +1.77318149533844310328e-01
  +1.77318149533844310328e-01
  +1.77318149533844310328e-01
  +1.77318149533844310328e-01
  +1.77318149533844310328e-01
  +1.77318149533844310328e-01
  +1.77318149533844310328e-01
  +1.77318149533844310328e-01
  +1.77318149533844310328e-01
  +1.77318149533844310328e-01
  +1.77318149533844310328e-01
  +1.77318149533844310328e-01
  +1.77318149533844310328e-01
  +1.77318149533844310328e-01
  +1.77318149533844310328e-01
  +1.77318149533844310328e-01
  +1.77318149533844310328e-01
  +1.77318149533844310328e-01
  +1.77318149533844310328e-01
  +1.77318149533844310328e-01
  +1.77318149533844310328e-01
  +1.77318149533844310328e-01
  +1.77318149533844310328e-01
  +1.77318149533844310328e-01
  +1.77318149533844310328e-01
  +1.77318149533844310328e-01
  +1.77318149533844310328e-01
  +1.77318149533844310328e-01
  +1.77318149533844310328e-01
  +1.77318149533844310328e-01
  +1.77318149533844310328e-01
  +1.77318149533844310328e-01
  +1.77318149533844310328e-01
  +1.77318149533844310328e-01
  +1.77318149533844310328e-01
  +1.77318149533844310328e-01
  +1.77318149533844310328e-01
  +1.77318149533844310328e-01
  +1.77318149533844310328e-01
  +1.77318149533844310328e-01
  +1.77318149533844310328e-01
  +1.77318149533844310328e-01
  +1.77318149533844310328e-01
  +1.77318149533844310328e-01
  +1.77318149533844310328e-01
  +1.77318149533844310328e-01
  +1.77318149533844310328e-01
  +1.77318149533844310328e-01
  +1.77318149533844310328e-01
  +1.77318149533844310328e-01
  +1.77318149533844310328e-01
  +1.77318149533844310328e-01
  +1.77318149533844310328e-01
  +1.77318149533844310328e-01
  +1.77318149533844310328e-01
  +1.77318149533844310328e-01
  +1.77318149533844310328e-01
  +1.77318149533844310328e-01
</dep>
<dep S[1,1] frequency>
  +2.52404394050863636889e-03
  +2.52404394050863636889e-03
  +2.52404394050863636889e-03
  +2.52404394050863636889e-03
  +2.52404394050863636889e-03
  +2.52404394050863636889e-03
  +2.52404394050863636889e-03
  +2.52404394050863636889e-03
  +2.52404394050863636889e-03
  +2.52404394050863636889e-03
  +2.52404394050863636889e-03
  +2.52404394050863636889e-03
  +2.52404394050863636889e-03
  +2.52404394050863636889e-03
  +2.52404394050863636889e-03
  +2.52404394050863636889e-03
  +2.52404394050863636889e-03
  +2.52404394050863636889e-03
  +2.52404394050863636889e-03
  +2.52404394050863636889e-03
  +2.52404394050863636889e-03
  +2.52404394050863636889e-03
  +2.52404394050863636889e-03
  +2.52404394050863636889e-03
  +2.52404394050863636889e-03
  +2.52404394050863636889e-03
  +2.52404394050863636889e-03
  +2.52404394050863636889e-03
  +2.52404394050863636889e-03
  +2.52404394050863636889e-03
  +2.52404394050863636889e-03
  +2.52404394050863636889e-03
  +2.52404394050863636889e-03
  +2.52404394050863636889e-03
  +2.52404394050863636889e-03
  +2.52404394050863636889e-03
  +2.52404394050863636889e-03
  +2.52404394050863636889e-03
  +2.52404394050863636889e-03
  +2.52404394050863636889e-03
  +2.52404394050863636889e-03
  +2.52404394050863636889e-03
  +2.52404394050863636889e-03
  +2.52404394050863636889e-03
  +2.52404394050863636889e-03
  +2.52404394050863636889e-03
  +2.52404394050863636889e-03
  +2.52404394050863636889e-03
  +2.52404394050863636889e-03
  +2.52404394050863636889e-03
  +2.52404394050863636889e-03
  +2.52404394050863636889e-03
  +2.52404394050863636889e-03
  +2.52404394050863636889e-03
  +2.52404394050863636889e-03
  +2.52404394050863636889e-03
  +2.52404394050863636889e-03
  +2.52404394050863636889e-03
  +2.52404394050863636889e-03
  +2.52404394050863636889e-03
  +2.52404394050863636889e-03
  +2.52404394050863636889e-03
  +2.52404394050863636889e-03
  +2.52404394050863636889e-03
  +2.52404394050863636889e-03
  +2.52404394050863636889e-03
  +2.52404394050863636889e-03
  +2.52404394050863636889e-03
  +2.52404394050863636889e-03
  +2.52404394050863636889e-03
  +2.52404394050863636889e-03
  +2.52404394050863636889e-03
  +2.52404394050863636889e-03
  +2.52404394050863636889e-03
  +2.52404394050863636889e-03
  +2.52404394050863636889e-03
  +2.52404394050863636889e-03
  +2.52404394050863636889e-03
  +2.52404394050863636889e-03
  +2.52404394050863636889e-03
  +2.52404394050863636889e-03
  +2.52404394050863636889e-03
  +2.52404394050863636889e-03
  +2.52404394050863636889e-03
  +2.52404394050863636889e-03
  +2.52404394050863636889e-03
  +2.52404394050863636889e-03
  +2.52404394050863636889e-03
  +2.52404394050863636889e-03
  +2.52404394050863636889e-03
  +2.52404394050863636889e-03
  +2.52404394050863636889e-03
  +2.52404394050863636889e-03
  +2.52404394050863636889e-03
  +2.52404394050863636889e-03
  +2.52404394050863636889e-03
  +2.52404394050863636889e-03
  +2.52404394050863636889e-03
  +2.52404394050863636889e-03
  +2.52404394050863636889e-03
  +2.52404394050863636889e-03
  +2.52404394050863636889e-03
  +2.52404394050863636889e-03
  +2.52404394050863636889e-03
  +2.52404394050863636889e-03
  +2.52404394050863636889e-03
  +2.52404394050863636889e-03
  +2.52404394050863636889e-03
  +2.52404394050863636889e-03
  +2.52404394050863636889e-03
  +2.52404394050863636889e-03
  +2.52404394050863636889e-03
  +2.52404394050863636889e-03
  +2.52404394050863636889e-03
  +2.52404394050863636889e-03
  +2.52404394050863636889e-03
  +2.52404394050863636889e-03
  +2.52404394050863636889e-03
  +2.52404394050863636889e-03
  +2.52404394050863636889e-03
  +2.52404394050863636889e-03
  +2.52404394050863636889e-03
  +2.52404394050863636889e-03
  +2.52404394050863636889e-03
  +2.52404394050863636889e-03
  +2.52404394050863636889e-03
  +2.52404394050863636889e-03
  +2.52404394050863636889e-03
  +2.52404394050863636889e-03
  +2.52404394050863636889e-03
  +2.52404394050863636889e-03
  +2.52404394050863636889e-03
  +2.52404394050863636889e-03
  +2.52404394050863636889e-03
  +2.52404394050863636889e-03
  +2.52404394050863636889e-03
  +2.52404394050863636889e-03
  +2.52404394050863636889e-03
  +2.52404394050863636889e-03
  +2.52404394050863636889e-03
  +2.52404394050863636889e-03
  +2.52404394050863636889e-03
  +2.52404394050863636889e-03
  +2.52404394050863636889e-03
  +2.52404394050863636889e-03
  +2.52404394050863636889e-03
  +2.52404394050863636889e-03
  +2.52404394050863636889e-03
  +2.52404394050863636889e-03
  +2.52404394050863636889e-03
  +2.52404394050863636889e-03
  +2.52404394050863636889e-03
  +2.52404394050863636889e-03
  +2.52404394050863636889e-03
  +2.52404394050863636889e-03
  +2.52404394050863636889e-03
  +2.52404394050863636889e-03
  +2.52404394050863636889e-03
  +2.52404394050863636889e-03
  +2.52404394050863636889e-03
  +2.52404394050863636889e-03
  +2.52404394050863636889e-03
  +2.52404394050863636889e-03
  +2.52404394050863636889e-03
  +2.52404394050863636889e-03
  +2.52404394050863636889e-03
  +2.52404394050863636889e-03
  +2.52404394050863636889e-03
  +2.52404394050863636889e-03
  +2.52404394050863636889e-03
  +2.52404394050863636889e-03
  +2.52404394050863636889e-03
  +2.52404394050863636889e-03
  +2.52404394050863636889e-03
  +2.52404394050863636889e-03
  +2.52404394050863636889e-03
  +2.52404394050863636889e-03
  +2.52404394050863636889e-03
  +2.52404394050863636889e-03
  +2.52404394050863636889e-03
  +2.52404394050863636889e-03
  +2.52404394050863636889e-03
  +2.52404394050863636889e-03
  +2.52404394050863636889e-03
  +2.52404394050863636889e-03
  +2.52404394050863636889e-03
  +2.52404394050863636889e-03
  +2.52404394050863636889e-03
  +2.52404394050863636889e-03
  +2.52404394050863636889e-03
  +2.52404394050863636889e-03
  +2.52404394050863636889e-03
  +2.52404394050863636889e-03
  +2.52404394050863636889e-03
  +2.52404394050863636889e-03
  +2.52404394050863636889e-03
  +2.52404394050863636889e-03
  +2.52404394050863636889e-03
  +2.52404394050863636889e-03
  +2.52404394050863636889e-03
  +2.52404394050863636889e-03
  +2.52404394050863636889e-03
  +2.52404394050863636889e-03
  +2.52404394050863636889e-03
  +2.52404394050863636889e-03
  +2.52404394050863636889e-03
  +2.52404394050863636889e-03
  +2.52404394050863636889e-03
  +2.52404394050863636889e-03
  +2.52404394050863636889e-03
  +2.52404394050863636889e-03
  +2.52404394050863636889e-03
  +2.52404394050863636889e-03
  +2.52404394050863636889e-03
  +2.52404394050863636889e-03
  +2.52404394050863636889e-03
  +2.52404394050863636889e-03
  +2.52404394050863636889e-03
  +2.52404394050863636889e-03
  +2.52404394050863636889e-03
  +2.52404394050863636889e-03
  +2.52404394050863636889e-03
  +2.52404394050863636889e-03
  +2.52404394050863636889e-03
  +2.52404394050863636889e-03
  +2.52404394050863636889e-03
  +2.52404394050863636889e-03
  +2.52404394050863636889e-03
  +2.52404394050863636889e-03
  +2.52404394050863636889e-03
  +2.52404394050863636889e-03
  +2.52404394050863636889e-03
  +2.52404394050863636889e-03
  +2.52404394050863636889e-03
  +2.52404394050863636889e-03
  +2.52404394050863636889e-03
  +2.52404394050863636889e-03
  +2.52404394050863636889e-03
  +2.52404394050863636889e-03
  +2.52404394050863636889e-03
  +2.52404394050863636889e-03
  +2.52404394050863636889e-03
  +2.52404394050863636889e-03
  +2.52404394050863636889e-03
  +2.52404394050863636889e-03
  +2.52404394050863636889e-03
  +2.52404394050863636889e-03
  +2.52404394050863636889e-03
  +2.52404394050863636889e-03
  +2.52404394050863636889e-03
  +2.52404394050863636889e-03
  +2.52404394050863636889e-03
  +2.52404394050863636889e-03
  +2.52404394050863636889e-03
  +2.52404394050863636889e-03
  +2.52404394050863636889e-03
  +2.52404394050863636889e-03
  +2.52404394050863636889e-03
  +2.52404394050863636889e-03
  +2.52404394050863636889e-03
  +2.52404394050863636889e-03
  +2.52404394050863636889e-03
  +2.52404394050863636889e-03
  +2.52404394050863636889e-03
  +2.52404394050863636889e-03
  +2.52404394050863636889e-03
  +2.52404394050863636889e-03
  +2.52404394050863636889e-03
  +2.52404394050863636889e-03
  +2.52404394050863636889e-03
  +2.52404394050863636889e-03
  +2.52404394050863636889e-03
  +2.52404394050863636889e-03
  +2.52404394050863636889e-03
  +2.52404394050863636889e-03
  +2.52404394050863636889e-03
  +2.52404394050863636889e-03
  +2.52404394050863636889e-03
  +2.52404394050863636889e-03
  +2.52404394050863636889e-03
  +2.52404394050863636889e-03
  +2.52404394050863636889e-03
  +2.52404394050863636889e-03
  +2.52404394050863636889e-03
  +2.52404394050863636889e-03
  +2.52404394050863636889e-03
  +2.52404394050863636889e-03
  +2.52404394050863636889e-03
  +2.52404394050863636889e-03
  +2.52404394050863636889e-03
  +2.52404394050863636889e-03
  +2.52404394050863636889e-03
  +2.52404394050863636889e-03
  +2.52404394050863636889e-03
  +2.52404394050863636889e-03
  +2.52404394050863636889e-03
  +2.52404394050863636889e-03
  +2.52404394050863636889e-03
  +2.52404394050863636889e-03
  +2.52404394050863636889e-03
  +2.52404394050863636889e-03
</dep>
